1000 2000
47629248433
553 467 640590635
900 604 369326915
451 487 511138898
732 641 584155207
773 194 950643620
219 172 896006274
46 861 70016957
708 983 2369261
165 591 37566913
68 625 772945173
573 474 92365431
26 698 714069932
623 483 53059400
375 578 61541192
418 34 741028791
546 793 245916257
612 90 210031373
706 887 30080371
472 867 332529038
786 665 36452378
453 646 423862192
923 636 3047521
427 223 295661665
999 522 52190090
313 860 40993800
933 392 58391979
600 755 912201417
648 427 244180359
560 764 13542404
827 206 39889344
127 906 436524957
930 68 926845622
365 45 333957485
466 246 92062926
973 571 393290020
761 959 926343491
373 582 9362851
599 278 253425101
97 27 282018124
307 521 30366144
545 269 493822610
355 672 797195865
737 663 917112014
23 444 421236202
451 303 251097798
688 808 124278930
803 322 682672337
39 383 31761003
949 203 460861593
312 392 8029541
814 328 651907983
712 378 603099263
902 529 921995811
131 473 262929328
871 825 964360047
194 990 81885042
55 143 648824627
50 910 581986221
397 834 40660177
155 931 322902499
448 630 655574543
181 20 210087962
196 478 418732686
355 88 55381726
722 758 322902499
161 261 129070992
540 649 31848636
107 954 586093022
595 472 588649303
484 354 23305341
838 642 32264985
124 696 27508351
522 625 313686822
755 620 390249177
469 712 492959035
438 158 633457141
24 582 72082263
534 894 82382722
235 48 39740354
723 283 52029310
915 808 487214079
25 790 442973096
194 303 887138863
231 581 78514966
664 219 55185126
320 56 430602405
320 745 783029382
190 571 13525801
261 172 71830564
401 176 737345420
339 341 571481083
642 677 20827967
956 760 948072848
320 171 940824087
229 734 46993618
23 495 845515954
744 491 4527335
859 432 29890835
832 563 22510606
686 407 245395339
619 330 569161130
541 16 846176583
24 956 824848347
492 844 14830544
764 688 55252153
118 992 46287918
61 531 49774858
56 643 53666576
109 715 385360289
986 261 122769351
361 616 2442415
812 30 566843646
17 636 309236742
446 653 29631185
914 661 616571882
187 62 322902499
236 49 839809615
198 706 22303171
901 524 983189022
925 809 80538921
200 398 10292762
168 491 888338523
117 591 14695607
997 986 97140064
768 536 971305421
782 895 690032828
850 337 43748602
814 334 473676020
664 347 1432020
181 584 320572742
450 496 706397678
786 457 778701513
805 414 39473205
685 942 93716566
446 41 75770950
349 780 7410342
501 318 516983056
747 516 90135871
32 686 431478575
691 920 499693287
729 546 54472179
31 395 10563537
815 498 26688005
613 40 658030030
800 818 40495735
27 524 29021896
139 68 776290719
310 565 58171389
362 153 291488158
161 283 962740447
555 317 322902499
899 931 284546012
900 813 525812813
658 958 32453837
98 266 152837099
379 78 91264359
236 549 460640590
824 799 964328291
218 875 541615807
890 366 21995315
538 909 74827391
573 552 321703394
932 86 63657132
777 579 533017710
258 588 813299968
51 112 41176144
915 899 565175433
760 828 35837843
801 188 577632517
242 138 322902499
978 607 321157128
155 481 368730284
839 124 73661194
950 83 23623898
421 798 85536184
481 873 70202358
313 918 764291364
410 149 872493151
679 695 11180830
264 491 316558581
662 578 95609513
850 542 819085255
503 870 201799111
676 684 75570877
366 382 493719086
298 340 83760982
72 645 316692373
423 616 307954139
234 923 698966403
207 656 61325201
846 998 956999388
747 34 786607158
476 155 45622217
35 486 22132177
21 719 60074805
86 247 560733571
45 924 47794530
49 883 558028909
151 150 452754373
71 905 20258081
108 493 82132388
111 938 47922462
528 374 322902499
4 415 7789151
629 999 1300012
656 924 83625917
554 752 260412
803 518 390854206
348 579 655682026
569 297 382072520
68 304 98954812
462 273 45623416
22 533 95424827
256 202 772415156
201 537 216929984
603 642 72484456
590 280 358933789
83 520 75198097
498 94 65225877
57 867 557385843
702 986 687042662
478 467 23048684
912 575 56354796
721 405 498798375
613 507 377035826
722 572 46731076
766 842 46031613
845 751 600861281
957 908 65067795
287 13 314120443
993 844 7774288
352 70 261704
850 870 23398744
212 833 33317695
564 665 66704818
681 798 17072658
914 844 316990457
723 445 94151548
610 95 54571993
226 531 25432363
54 360 403004024
487 734 452927098
993 767 121349735
621 581 80616188
342 55 15605456
609 489 322902499
448 112 795994498
106 261 52260118
521 734 926775351
152 820 10299870
571 341 78513761
699 284 61282001
98 618 635841620
404 663 37952571
695 642 80474544
778 232 843453401
598 781 412399912
763 27 520666099
938 812 53714883
594 153 294639113
971 865 689826323
609 324 28757557
830 292 18101178
177 948 92431712
330 625 76217418
637 834 489213203
45 65 380763664
500 14 521048281
31 426 11636944
219 621 822617894
944 170 59083857
292 443 302166350
624 683 330832765
144 494 506544568
223 569 687562681
683 737 27886494
23 416 97980486
844 50 672936461
513 273 739829189
933 296 697165114
515 510 68661103
438 349 88283673
98 168 56720905
582 254 70797691
371 350 314013988
161 16 316990457
524 389 574062068
509 753 870257460
717 893 62385943
951 786 4793573
104 614 437376828
782 913 313719248
392 730 8696717
919 953 483062847
758 528 206311526
823 7 33625428
49 929 608893826
587 807 791817461
513 363 666286571
37 494 51973966
311 759 77065057
805 971 80044837
658 955 32718737
543 396 713561416
404 37 6551598
583 271 21553016
386 902 12757209
540 96 725211742
837 647 94612005
417 467 99408421
438 787 986361286
667 979 732888046
469 629 712160745
645 365 448789168
978 456 30817465
702 688 30971963
819 361 610725629
612 922 97029067
369 866 20897892
18 711 316266632
28 590 4684738
627 273 248227108
302 60 471582781
810 723 47796103
148 380 663404173
821 113 413680259
37 330 977878774
11 669 6413366
613 1000 426294625
681 185 136477074
734 782 15007423
658 656 788119869
162 123 478850808
349 338 840512918
360 833 7564154
248 724 533937158
591 617 43656280
798 299 125019288
154 83 322902499
68 595 310879625
877 680 14650237
557 555 336418204
464 884 918351579
269 659 675393362
17 707 953733297
775 237 94177100
687 924 910916983
669 582 337410698
160 450 322902499
366 721 915035557
531 955 875937000
486 939 770437411
771 482 45781000
943 960 771267595
894 57 904743552
318 552 747469737
815 728 999500396
492 551 47764671
736 37 28085523
501 854 538206401
125 911 19783496
614 428 304611897
730 75 91483485
7 711 73959054
324 377 39534012
50 40 887604858
346 421 494797761
795 958 36942960
255 307 55809504
961 499 93902158
189 939 47346538
503 447 722209403
994 414 867075643
594 57 20602209
981 227 967839185
600 948 93020499
429 247 380483906
280 778 402768171
217 643 54551044
132 684 92514225
834 373 887980677
653 814 98990065
972 498 734406509
249 786 92089064
775 133 540919860
730 326 891961079
564 399 24058805
323 66 77590316
93 125 12219231
928 116 685525950
267 157 944477654
585 394 8708545
745 557 299911815
516 178 322902499
194 389 68562763
287 505 624824843
753 520 77987618
681 211 98305386
793 383 823914299
280 747 918526941
612 520 844531804
388 764 537156205
364 434 1975558
258 179 62003934
644 447 392210068
795 846 50849355
34 18 587444542
449 204 357345462
585 407 322902499
788 361 53455636
911 876 959146150
74 465 42674060
302 62 45810958
168 473 25732902
50 684 86380956
73 329 230895047
959 151 70954436
927 904 45650426
773 686 890217056
208 615 48624802
557 268 44815469
8 889 53984055
444 221 322902499
942 778 36944359
476 782 70071318
955 775 458293020
278 40 694388981
926 655 855557096
203 621 58948287
190 779 308621
441 690 36795210
126 616 595153405
521 295 241029652
992 554 46026378
977 700 70125934
999 576 934262315
60 564 32644185
960 527 15332164
412 908 66137784
845 732 16943610
25 26 67115599
291 925 72163851
909 539 714327179
337 448 33169671
852 388 33773640
23 459 780448771
235 785 684332442
89 487 738026619
974 55 89077395
296 950 549028797
219 357 289070773
834 115 24694952
536 511 26814751
671 665 57696622
181 328 811226
23 577 783632573
602 392 67911876
764 62 30555648
617 918 96313307
981 960 8411480
848 59 380354190
374 339 86362277
167 613 86268150
406 916 759200970
522 852 25387473
142 201 14242935
628 457 698307063
525 289 86195887
86 457 35184494
488 731 76888681
932 428 679072960
881 267 486851483
17 447 25550012
832 19 368641528
991 851 79198919
566 763 48472176
321 920 650944183
822 393 66627739
342 997 603398443
594 591 337903682
1000 685 18672298
483 331 58962152
164 475 99856045
572 533 63026492
809 154 892886437
981 209 99643596
786 945 760683944
167 637 1899623
772 578 2464660
490 647 348340017
487 141 53832909
358 437 62254814
774 582 10703530
322 283 1113495
425 42 53872603
353 189 707136228
528 761 71942440
777 340 322902499
568 672 92403345
574 882 487641954
349 54 20500775
645 536 33528083
564 542 293335253
661 413 77343709
894 147 26363215
451 888 91309051
648 153 302544040
547 7 775624016
364 469 65250536
103 142 205440836
354 835 23358256
25 434 959368809
208 156 251839786
606 832 443139635
150 470 65093327
536 707 647442702
81 745 3108707
772 606 536016736
758 362 55353189
113 396 12491614
597 281 57052709
646 929 1709356
808 93 92379652
210 531 24564926
340 532 4542229
431 249 637990780
991 847 983748285
163 468 15557718
607 771 459712026
622 742 499315744
259 29 6620384
54 675 47260237
43 181 73680974
448 574 63893476
103 579 76870479
263 194 53109502
660 890 70530925
488 362 387620292
890 675 1022584
198 35 41414519
184 720 602887549
326 239 34272663
691 226 35310508
688 739 233221484
908 435 885841776
698 988 653954612
568 661 459536736
93 981 1623189
220 15 532565928
106 194 981989794
582 978 57870802
816 119 597036701
15 275 399041900
857 704 800070150
176 781 79977611
252 734 7502304
72 640 42114499
305 919 297548174
759 833 946551685
276 291 20811195
5 964 56709481
372 403 98789010
759 3 738193411
642 885 91230819
476 119 617230934
632 369 30117083
46 751 19187426
683 99 21328431
738 752 702825957
851 443 48472418
681 228 510034739
715 522 39659707
428 37 720175345
245 268 25257819
636 725 322902499
629 301 13718691
522 129 9304533
637 686 321324564
876 133 444382845
505 998 652248323
96 43 758258460
87 501 740014687
368 659 63666609
415 85 313153006
323 901 58979712
466 810 43969002
617 619 528158487
734 537 322273120
271 828 577448846
461 78 43844334
697 233 20032092
800 76 47634021
139 581 689174217
449 45 952470576
994 302 294777154
465 949 466464423
55 484 753540026
853 426 683093271
886 35 558806401
226 455 767066624
507 917 695624462
653 675 5041908
365 659 416787338
979 911 360836836
642 389 42867304
768 541 808579158
107 966 89954613
908 180 84772521
766 157 939009109
425 566 598017204
551 439 50853353
597 418 894199202
738 845 283052268
801 685 273671993
640 936 247545757
88 244 81460056
127 684 516416973
636 908 707307169
208 539 92629100
570 118 65967185
291 584 929161092
963 234 6960687
76 293 539362727
639 895 61111037
19 230 31799904
801 566 321030452
733 861 86773404
875 61 472954707
318 128 672086063
798 653 85049821
348 769 458654571
286 563 2790423
726 302 96974142
450 816 99982529
592 945 33333774
932 192 848155484
552 19 358205446
220 94 325315326
191 336 36194211
460 507 685641678
795 452 55301610
736 778 802231867
684 569 86565330
119 805 937580167
829 440 16516273
365 30 508868635
990 876 47984860
710 350 311666497
839 538 88620338
794 799 42065565
481 37 90127008
347 249 63186991
292 295 232384806
416 441 809663567
480 827 559505038
497 220 324373210
150 851 780151222
296 526 199760296
516 543 91654628
584 106 96685762
602 410 731918353
459 820 499615384
883 826 313684258
289 183 951410566
82 91 29686201
727 833 43062940
15 142 13418083
653 869 7160544
7 622 270814606
286 557 560771838
285 307 451105905
589 217 97264200
86 24 718263729
850 536 73313968
920 331 94101355
607 613 283907365
919 343 783266664
120 289 28181519
656 131 855234216
176 738 88988927
792 861 42500144
933 718 459725169
480 256 32157751
831 639 1153538
5 265 423114980
765 266 925194992
554 59 504746289
957 776 577749027
850 760 55619544
338 236 896517359
897 832 313400179
396 721 22483776
769 93 946272403
815 830 6997838
329 361 60215435
452 214 8946030
385 400 497862005
55 216 35018366
877 237 938985672
615 922 637798551
399 244 322902499
907 324 61211513
319 556 43232500
198 148 3267879
775 998 513853915
82 550 14884949
109 58 85692571
653 785 773790163
6 899 19600978
514 835 502772772
421 492 566942722
665 471 89620541
788 867 92729560
291 65 74659950
133 598 68941578
836 597 123532219
380 642 704680160
832 608 767930034
176 736 16132306
537 603 746382405
484 650 856375726
381 640 316692373
911 136 960833074
910 441 319093411
839 649 79021175
672 877 818367
523 57 425268826
672 822 23244950
200 593 706143067
803 837 20448647
82 98 297204822
164 867 649228968
551 262 322670857
635 71 32051111
443 799 365115312
478 944 26046190
254 288 91697511
698 825 123872238
77 322 618026639
989 494 932868741
460 631 99703710
689 968 957747854
197 85 184525333
803 9 946424528
882 932 70834004
224 272 7291179
253 40 16952254
4 749 42293813
935 553 350197211
137 965 372832815
743 31 80824487
950 717 472163451
873 415 550517703
529 298 51111226
160 533 896536860
437 725 322902499
134 902 238850780
655 937 11009829
434 560 325129605
790 906 795777221
998 768 724229481
410 203 93825081
476 874 579919781
806 240 321324564
649 397 85863065
842 723 51689311
966 686 46774742
826 631 17367051
6 474 97151314
481 337 48128259
612 105 93055939
823 64 818805760
655 554 98306712
297 340 844811145
951 830 487151041
33 978 584095929
706 545 975432600
16 707 828224992
173 226 924682222
582 631 35337429
928 43 66934610
59 730 198046819
426 975 32910576
364 797 17735165
707 327 998292825
919 634 6950550
147 525 588686695
855 129 844655287
502 287 57845245
775 865 85024074
400 655 83481025
872 418 14313094
579 260 388545104
218 452 19886293
797 746 91550334
942 990 436947755
778 496 93712695
755 344 70259356
518 396 22052641
366 22 321841843
477 867 372857248
559 815 81032083
459 672 25312344
637 817 424655397
784 973 3792658
854 418 76608169
227 630 133093960
764 995 79137262
748 458 25022503
567 696 28461199
399 473 290591798
210 808 802287856
796 56 20473598
618 435 46000278
782 80 48275783
914 16 78332338
307 164 834540478
63 746 902844091
747 829 322902499
404 400 545939222
52 213 770025493
206 936 682530854
672 526 64390909
30 946 68391894
397 890 286251200
338 128 727557271
923 720 80175262
132 934 88975536
221 242 36827572
466 354 911421
81 923 84509310
994 102 21422978
125 338 86650355
758 946 866647698
178 589 953983271
620 267 189136083
977 215 52113630
276 175 209501770
687 943 5671333
262 574 36629339
819 29 364129459
689 983 26288196
70 13 351534631
953 859 79030920
105 734 801904312
924 476 78152208
690 700 76887377
501 760 35687865
983 416 632257515
130 907 322902499
455 234 61814807
806 182 935070924
258 904 40844658
834 693 20585903
331 145 38050105
905 948 37008757
293 966 201783154
960 20 938322573
63 5 55994540
774 381 493565551
553 793 718673370
918 552 12833371
114 836 8508396
523 19 589222907
781 983 974085378
505 989 52896368
44 265 322902499
641 53 48455116
897 756 725984228
62 271 40577124
811 558 393074
993 533 932032034
348 801 966929764
101 505 45875110
434 958 28784132
635 594 36459335
839 782 30916869
325 365 620759038
387 468 99369184
434 831 3729433
788 889 81769558
140 413 80724917
82 299 753308835
666 135 593637817
483 482 55061542
100 891 70567884
346 225 453295396
717 935 46889097
13 846 568995613
923 265 53385549
303 538 614337
834 804 830276489
802 316 35706253
194 207 307512897
954 199 71657034
562 673 51445110
143 331 772832753
921 972 638716044
475 992 755234598
418 256 12938708
201 37 78904174
309 367 124043019
300 989 808302756
825 279 826388495
933 793 28208313
623 370 420275639
581 757 151859145
754 442 741761941
693 410 730624787
205 96 948578674
103 795 70581099
335 962 638502869
561 441 55080633
417 98 652545256
950 190 9834684
494 222 50006438
972 533 767269939
194 565 23890503
599 954 341460909
412 983 413607472
624 319 32040826
256 601 653318529
88 609 28009356
485 438 571591079
33 490 46845920
605 767 58720291
421 541 540341252
340 647 261228514
735 898 19629645
413 625 61878539
585 814 935621288
148 439 815512687
518 872 313684258
905 134 778177259
421 509 576951613
889 407 54966688
608 279 316266632
766 300 83087912
929 138 527937565
105 872 905656542
283 59 81498258
877 97 4594370
558 63 668307111
49 331 351717478
83 633 975246458
88 742 78911955
319 429 700331406
856 124 13270387
644 774 49299845
47 79 98756311
986 623 50442169
966 668 321324564
563 504 15951969
814 268 93136656
192 295 51402240
810 969 48589655
949 147 474385515
521 117 757967666
875 564 911219233
562 116 71774685
136 978 717886503
327 800 32708110
654 617 565325199
88 652 162832628
489 141 503017063
763 699 95333669
114 582 83137782
426 421 843381802
184 375 80491399
860 159 55247693
603 675 726676191
129 419 557362672
668 785 81396476
730 194 99015519
429 139 233033036
984 666 600334368
424 25 87342808
495 496 168026216
876 378 505007058
972 615 323498376
38 493 967765161
1 391 504571049
317 46 934533388
180 187 596801516
607 66 795863276
626 504 804167545
300 7 306974892
691 634 736684159
156 443 596066128
137 596 489044630
416 624 82889777
364 677 476422434
522 995 313686822
383 653 54368980
419 775 337744155
491 481 36259468
2 274 842128102
805 468 10777428
857 700 53769101
903 314 16686620
200 901 351490914
730 572 97954863
276 666 291365446
801 992 936821146
650 729 374163135
125 884 726924488
9 379 413245764
669 706 201703237
314 949 773840410
595 705 76606097
382 131 8328915
575 985 19161545
597 192 775448534
50 433 83351838
762 577 65971662
499 51 522445543
328 668 745232112
169 921 807392867
529 886 664750020
38 94 57453564
434 708 440949302
140 796 104256843
343 173 301936052
269 669 418504018
154 1 51611253
11 885 446526755
385 352 447789275
677 617 377475372
886 283 335075781
797 588 322902499
653 106 903773634
914 182 67956890
154 575 1847957
636 782 78279370
596 196 969532142
712 246 402535257
134 398 936316627
942 597 786139764
822 749 181182466
670 244 5756655
777 636 304361524
651 584 926680121
274 289 305772022
470 806 64779766
193 654 618147356
516 295 763479432
484 383 722929810
830 70 893335569
638 199 60727155
369 403 64660050
916 495 27017728
860 827 25900113
974 424 76249699
304 858 90309406
135 949 439183274
485 873 550619047
745 949 83133771
388 520 886821331
196 124 89799842
286 852 790562829
195 684 15220511
562 891 354271156
884 667 388915295
609 503 86918879
651 807 77783416
4 305 66239583
27 213 10097612
479 481 800959346
299 845 747200631
365 244 54445732
566 985 585419478
949 597 696817634
678 984 317646253
54 931 16914616
172 440 534542221
256 175 9061999
59 966 321324564
296 815 439009857
815 643 70752133
406 566 44339640
315 990 52387629
470 59 654392257
365 386 436872831
488 277 990169660
335 462 135661440
598 237 690002302
96 21 56655952
623 99 1193305
408 239 16978260
394 86 555016749
950 640 92805393
351 815 16129655
923 123 874184590
860 187 322902499
820 326 322902499
380 450 6630530
90 820 322902499
324 353 80305257
601 157 40824545
361 979 37670632
285 816 950038246
478 898 78188098
983 177 438238643
352 671 65357832
183 966 73727343
724 493 3789905
513 268 98193958
866 114 992491666
65 118 299842948
238 896 47926297
586 785 66652706
585 554 2890872
227 294 761101393
203 88 968574181
878 351 4585934
921 593 25931556
465 996 66603115
992 631 69539524
14 52 565755987
270 751 46014070
303 189 380572494
119 327 912322612
624 589 695926666
372 548 844690858
535 467 83123493
702 449 27027358
670 877 725995568
272 393 750339586
604 504 596796881
865 701 50931730
53 245 842564081
274 405 22151520
87 200 754616808
176 834 522181146
220 198 869039105
184 588 97907634
786 339 816323995
135 139 87898733
64 24 412222982
954 982 96057076
505 667 31348212
89 981 95601084
251 97 63845375
419 11 341040655
763 637 8543544
183 240 60527236
429 823 51716133
523 566 132964709
582 799 43646158
785 856 51436992
999 505 22448781
149 472 97152499
691 197 479653913
20 16 354798572
826 424 70885899
230 420 65783983
238 693 802528039
194 197 79963953
808 387 330537891
252 880 722430815
50 21 512840584
531 695 72507487
311 997 456727988
517 984 36769042
239 465 12848229
856 919 45384305
683 247 37483110
336 680 66911886
431 655 57114532
861 997 363918414
88 756 903578886
723 243 21754388
468 194 1870181
924 483 267356317
655 819 3343889
402 122 615720828
205 477 16035588
90 456 41633638
989 356 57712543
800 876 74503100
791 773 710344164
196 770 644778018
499 315 41233780
865 271 454892099
633 540 88947453
876 422 11585840
997 677 856777974
161 665 825843122
401 90 23009135
279 472 58534792
542 273 836921597
450 571 32148508
369 704 242641702
967 273 16587319
140 828 187081345
790 788 22333139
730 411 89974770
881 630 7773644
166 89 62759665
861 838 95206431
704 122 772392039
857 436 300774357
259 333 737566606
346 310 57415426
109 104 13764977
727 983 48315830
622 572 91065284
641 509 64988701
826 30 59716386
808 278 76852082
842 494 314013988
661 782 10979298
488 712 40767325
823 447 859777096
260 192 646410890
988 859 62848946
960 804 38969822
383 379 717734392
203 174 486923924
932 930 19677859
639 706 987728423
626 572 807057436
999 600 328045249
544 85 3795184
241 447 753872651
629 14 56379110
619 306 2681141
856 169 4922523
336 333 62298193
629 845 453184500
179 897 83012670
115 412 927768567
267 94 25298998
960 746 787808951
951 918 897146775
454 522 92537126
732 163 519466920
545 926 6633883
672 859 621018012
360 257 5114906
898 538 962843036
560 697 733119660
467 119 75681164
627 19 912284336
130 25 345733504
159 175 168457647
307 62 299559105
594 4 297548174
886 627 464447585
672 151 5825244
841 102 682838216
503 142 749414186
91 394 864788056
158 878 2022224
638 904 53613045
40 436 755462847
815 984 93759273
616 729 476876
632 156 78765480
716 772 3370609
776 643 93713106
861 910 53352268
943 916 13313859
612 210 612098117
228 352 294089338
556 318 22179568
690 74 17617379
389 873 40573889
866 793 322902499
671 436 1695069
569 367 98069987
687 454 682395164
754 718 86342132
205 406 78140176
283 454 653077191
28 936 3190199
542 581 319880696
790 236 44904851
994 157 514112068
665 648 74447291
456 141 943674425
579 306 691707540
565 346 868897659
776 36 33336085
929 903 283151738
234 695 17867079
452 392 55282417
956 745 94925624
185 975 437072044
643 665 20907518
191 798 15638776
741 526 742379618
318 554 566471687
725 891 87892346
577 728 33621528
91 608 680639316
773 78 202991228
709 184 762084783
823 169 190008243
929 982 319944056
175 463 918929386
640 452 643521030
542 994 43611793
765 550 415393936
204 760 962442429
902 106 711527081
865 622 892112455
900 601 97637046
928 430 643904836
285 576 465442378
323 554 41149112
725 931 58648902
3 248 22859771
639 172 590952515
981 238 70583480
843 448 44233289
953 834 514273876
990 405 79032556
554 287 220342333
122 211 598206789
204 131 944486579
467 381 33578606
763 311 94196158
296 674 955997
162 480 264600
754 877 321028724
166 920 97094687
306 694 462925139
196 14 55059916
615 710 321703394
604 465 72717409
79 207 494092242
886 156 58446539
221 195 322902499
190 997 88986788
943 357 88184499
77 618 57154133
557 559 968633655
960 110 28000089
791 313 57069741
676 925 524937893
558 470 53889015
63 345 319944056
860 763 560844954
124 427 15515557
735 14 182725696
69 616 322902499
476 464 26149012
696 765 96011589
850 228 56953071
393 120 448044799
610 934 683370190
221 384 852337369
670 580 6470213
404 264 89686525
976 6 647865663
873 124 9442649
758 559 23699882
618 892 12215813
108 826 85349762
168 643 36098800
510 10 335889178
242 722 83098474
869 532 6854774
948 381 653214836
356 880 1330877
194 173 18893298
125 903 53409613
689 371 449351556
740 294 396502753
238 255 330883262
13 998 13942805
381 306 497188653
629 742 348658677
33 310 36374812
3 801 292016186
910 86 722039401
270 184 924722884
463 772 253865130
548 399 29665632
153 158 52956952
535 26 311229788
869 952 351114360
685 481 9362665
177 987 292683263
178 690 47338730
747 698 74646276
444 389 97816414
419 810 524977585
350 736 47330450
653 271 943974246
547 623 18931643
694 48 17531326
144 738 6412815
837 56 33185526
18 295 486206500
533 820 935683074
468 478 38839113
385 881 26720645
373 325 763049097
957 811 808470880
141 999 83353050
2 217 77542390
968 403 321703394
704 28 71328107
276 438 900837066
259 675 17162567
371 802 7252196
684 557 777643163
660 111 884249237
829 566 25551954
398 92 423871037
293 227 88465041
900 14 37616065
164 428 34174157
248 97 328008507
650 237 67425356
868 234 304361524
853 644 875065293
282 685 94729667
987 379 1101536
817 415 871573411
32 297 1059861
253 278 14077547
724 708 879569367
836 697 649594192
607 193 925896980
69 304 91351535
280 200 546531635
804 709 499813087
578 86 807366327
368 338 565955320
323 403 772865562
769 929 402410947
865 43 162112481
886 356 732184420
593 785 759548884
61 777 54851246
391 755 70656522
373 645 229154747
740 63 699912304
962 523 322902499
631 71 57132251
713 714 68550750
315 48 38885332
705 565 721100264
80 73 44605451
339 282 785493277
551 143 450674077
185 595 97680868
764 187 622413618
750 587 322643291
236 599 48803882
223 453 92530548
868 184 305772022
392 93 601959950
228 193 404245704
7 46 902715754
261 33 713389501
813 533 42682035
345 982 9896221
792 509 832735836
712 252 544297797
261 465 971776609
3 875 525814119
476 914 93103477
876 137 19389318
825 938 63249895
294 773 50063465
701 271 824254278
161 142 64109745
849 202 322902499
643 709 14875478
284 193 493079870
697 629 575763262
111 912 594577166
21 163 22241716
582 92 40527444
546 471 631024075
990 530 10057059
609 392 59760290
708 722 804485061
164 618 54646029
311 620 56051681
230 337 5083505
516 958 58295659
308 532 28841417
793 290 75482105
26 128 490338279
416 446 322902499
146 641 19290212
707 831 76810484
704 533 36897324
451 389 15680567
336 576 74137284
698 687 363059979
894 130 339005994
189 541 774647671
798 575 14933473
904 848 14963336
916 958 76980985
643 585 719234669
109 324 58362046
596 160 6392255
671 632 521864033
361 105 82661631
652 102 36260230
680 479 75347170
692 52 2283535
20 36 6323837
112 877 777972682
93 873 89797278
872 321 50420830
853 602 71709478
917 543 848265141
556 513 793363482
370 250 9622801
375 342 807093729
869 24 486484149
823 978 7546055
610 508 81842877
466 802 18929998
868 30 59246062
899 634 633397999
291 277 25250367
30 641 634845473
970 674 87908875
102 282 3563568
169 947 80393836
407 553 32828513
812 487 493505063
87 940 10369946
427 573 321703394
122 473 68678407
471 359 8952770
297 249 7477673
612 874 26780186
850 100 488590124
594 865 766659239
750 4 48122847
771 676 91415450
527 114 337241239
817 578 82877218
937 12 234877
74 782 2800687
248 810 727457298
999 215 542025903
456 721 481549312
866 644 703429946
164 735 7593752
459 332 408578299
48 999 508604980
625 998 40377855
822 505 772459040
772 382 3690573
596 572 62782024
235 275 95844452
626 921 23017127
229 341 732193606
510 855 53978208
743 976 62968655
991 141 589931843
921 671 947792682
528 835 529963226
409 849 73308820
543 740 4100198
666 788 32070197
18 253 18054103
427 895 398942898
167 696 29524611
121 93 54522083
515 747 433196666
565 867 268924516
627 250 514424230
894 900 16114271
186 230 30546101
82 875 45189630
52 479 88333345
839 336 150464195
193 947 44020530
282 306 69582568
286 783 90994747
731 524 510170801
224 457 87968804
358 450 394594196
374 900 527813472
134 688 7127894
835 427 82723179
826 623 78049072
822 582 614726636
252 227 19558491
597 881 945745844
949 657 56298763
643 582 19047179
130 176 33598182
845 808 22706996
307 489 97143472
169 425 3535293
940 950 36334438
219 392 327946744
630 618 75053837
866 132 321703394
635 396 78017066
741 704 36451374
820 119 709755983
805 585 828248291
578 530 10444464
873 54 521330066
769 203 34082029
960 10 321324564
913 953 18270625
965 665 88242325
488 123 20764924
222 459 970871880
136 530 846540317
967 213 62680762
775 196 95293167
197 558 16033665
952 901 46731099
502 671 15011154
944 222 843809239
256 514 9020117
947 627 48888233
491 419 97128231
444 400 531444074
384 374 72233942
218 381 784569727
727 631 14356127
44 290 53075160
863 389 937196326
296 150 966495748
476 157 960319874
332 898 3681343
179 833 73361274
13 141 381924811
369 539 22362760
789 751 26785616
698 507 43863104
741 480 434768673
140 614 62403914
494 319 16527293
266 70 39577450
376 496 95702455
660 902 876403791
128 529 746413090
935 463 87932663
259 879 34309763
687 526 869705175
189 519 46095113
220 728 77804683
141 579 814277836
582 124 11697
18 330 555653362
796 654 58140995
490 261 43529020
862 980 96407963
761 821 677591622
628 254 24359717
505 697 322902499
962 489 87940945
128 315 771203859
423 639 62074086
748 755 598006457
756 519 88066223
665 176 314013988
530 769 95993716
153 367 78354386
368 568 3164881
363 180 25858975
940 348 86711237
540 606 597782464
55 559 521082802
594 392 619136023
112 889 6934014
174 661 47636347
115 605 93596983
673 568 578057121
333 108 434812915
187 154 66977065
45 289 43059579
914 270 161524405
945 965 346269888
824 176 43294657
995 590 322902499
950 530 30524466
460 225 73926122
563 923 86617453
233 653 71010827
230 250 45673404
628 713 6625745
501 811 303850933
927 283 497193538
420 868 982219223
476 280 98037732
764 795 375491981
515 740 129301948
376 571 234435463
297 840 315976044
181 85 89266026
883 480 66588305
67 759 76613781
35 963 832918083
143 333 59472761
4 839 8551383
761 423 285961066
75 191 97141744
808 608 17188698
94 82 68836799
376 168 553021581
427 296 549517379
323 74 381083833
882 105 67526284
729 479 321028724
188 749 324451747
510 567 46309309
787 456 24222461
752 725 636820628
908 572 59171758
564 325 17871756
590 757 84397189
252 285 83445847
188 2 711485617
300 8 502412916
994 766 741599772
692 353 438171491
136 845 27053111
627 260 5874620
500 126 42448950
855 741 733534240
539 238 553258821
542 458 318616647
606 998 36354677
793 317 8472893
283 188 934778814
523 672 952978
389 302 55100006
344 333 342012920
258 171 62015419
768 611 936581977
572 11 61714043
423 607 522610328
244 703 57315266
391 584 907259798
761 616 58994850
856 549 48009454
972 758 35411854
774 506 43628602
119 610 392655569
835 88 585792026
335 688 416513227
634 379 898110239
432 280 823047738
541 838 80886523
906 517 77636243
94 188 47481018
269 860 50319818
284 745 530261653
40 402 15667777
938 217 49113788
497 988 31875092
773 458 286642825
169 267 696970126
973 519 962139750
128 283 88145671
220 82 550594272
739 314 624097700
133 274 90785725
20 997 374627856
223 386 478330388
951 992 758416167
641 808 9746285
279 5 16405486
886 384 683286962
441 49 94635123
243 599 922813854
299 637 76382772
307 941 62082134
391 864 563544
960 877 916132580
498 185 50937195
50 635 3993787
629 213 7166613
458 628 13849010
585 149 850565937
956 139 671990217
234 863 764969936
924 294 15974910
794 917 82596213
209 958 977610876
687 768 47472991
446 929 994889041
431 808 36918054
925 574 299842948
919 66 434593341
675 533 750382145
560 859 67498783
102 390 26343717
108 755 9757680
197 114 472339277
369 839 538497813
611 296 58623468
225 648 350533697
403 232 94561292
203 860 75236795
546 202 695631589
194 291 75955968
198 826 90571643
551 331 52929745
483 553 328586172
958 363 873624760
877 123 59011586
411 334 831669705
794 204 55841816
659 931 472580981
696 770 26557051
902 958 38438241
888 564 471874179
617 74 30568930
872 121 22714707
185 307 632482004
479 809 122793563
169 920 768679268
947 623 915228405
951 119 554100433
350 335 14602202
545 99 601707951
725 248 64251591
374 632 300430944
607 578 97270148
129 714 707966019
750 244 840051059
290 593 525059907
655 641 520006514
872 319 433252986
3 331 855042155
238 834 710624057
97 592 15101906
377 693 732848747
95 413 16402192
888 642 646498929
926 899 540006304
564 967 538525855
841 488 89389103
31 307 866519135
315 742 963667029
64 34 728040769
754 958 1683501
487 821 345294055
220 122 304361524
921 617 921168
588 276 512985809
504 452 322902499
863 113 34709137
188 47 46222194
864 995 309236742
871 673 71570930
705 670 436026090
139 413 726144580
631 128 312032651
933 74 476955520
121 623 658790932
966 295 690722624
627 133 88051242
826 539 989401806
683 9 57763998
64 210 277881196
971 307 46263427
181 567 42737639
887 583 598633855
682 336 9708883
572 362 853727502
512 829 23402930
74 970 381676868
18 847 4241289
285 568 383047277
109 447 322902499
409 71 95838139
933 788 43806868
881 608 316266632
75 989 263896531
79 587 91116602
168 673 983321522
505 861 997251509
379 15 586494221
498 673 38612201
537 685 27266774
748 697 370172616
332 319 420446438
821 708 40822024
444 474 37484496
83 17 596530661
295 704 359416335
335 30 824236826
606 315 913301823
27 384 92587432
908 367 933175210
669 881 417969798
275 203 377686597
731 804 455603047
253 834 169237650
930 711 801871616
273 926 85774527
791 448 751008953
376 539 913527508
795 942 455318467
514 707 358999740
343 683 4853718
103 192 24579037
344 17 7641350
308 51 703029615
369 444 12917102
265 443 26791596
463 642 30101532
674 468 30543378
461 464 838012315
118 311 184126384
756 334 8418760
227 973 55294589
923 309 14278850
552 555 7192377
782 966 97437584
480 281 37968919
152 932 71371837
678 168 16937775
995 987 95805216
739 307 52939977
810 283 424288053
801 489 78222915
710 782 52133774
943 790 963524540
472 631 23557160
135 40 980969053
681 786 370927002
330 648 103582843
255 124 644729683
127 913 76088542
25 925 596457274
767 12 279127570
241 465 45618638
924 794 917698961
962 977 756746892
411 500 22253156
116 223 49570446
386 875 799391582
575 915 97029129
415 677 779596958
737 164 302075078
398 622 75453170
202 353 7105566
870 929 61395518
518 139 63738554
10 107 4062702
539 821 893630432
742 132 766488150
874 998 868498494
889 919 527040811
968 124 76710603
808 430 24154016
205 77 363874850
937 887 998942932
909 64 28367796
643 743 49734199
453 190 688914155
669 684 279659180
195 2 800687434
867 38 737482486
471 858 67557354
239 980 16677709
10 713 321324564
839 756 88713312
884 144 43771594
162 673 780075258
296 10 603551293
442 643 1086826
220 234 42519370
723 815 4637105
372 789 585247748
836 942 346047459
410 769 892426278
335 987 381018159
987 807 34566652
674 378 35555173
769 213 991842056
763 861 362243787
222 343 463716555
537 240 390458527
250 91 321742212
8 672 351926652
520 220 845412526
69 185 804657435
484 84 53674020
840 348 79288365
746 426 322902499
917 808 572590218
320 192 31108942
974 72 120704337
654 485 36327727
815 437 45079601
322 138 59816394
34 685 47116043
