100
-801704376 -148349376
-257913994 438268670
-147948349 157100121
-506986674 -941185586
147645127 439818009
719585862 537534964
723908611 -326926689
112724124 882031360
857616832 921153182
780579432 -817368956
781559660 -916130490
-413629639 -635291945
273598499 -95678271
485794786 -378025076
792344986 -114079576
418704416 606673506
-41933455 694964459
-522991165 -778323827
-842451636 -38155980
-793471647 -369468429
939972671 -382007157
-743396162 -720765774
-358052475 55645323
254966087 -885404809
318422499 -684902791
265524005 -439551905
160930752 -892725764
643866750 150828774
701673729 -936002067
991809506 -224197860
-253178504 226231550
612636604 -239921588
-420334262 -234353968
923900998 616600672
-33821051 -236976805
-184378645 -490988445
638358369 939992739
-352833253 -993836025
659444674 325308616
522657222 -232769032
641950042 338655658
786046236 483689836
183961290 -849501136
-705503220 595075320
-587777466 496405610
114247393 -733130141
-630035046 -957307742
-148923694 -943712334
-769434756 -939212278
94809236 -471265754
-502302490 187176148
-733339832 -498299442
-102509593 204803223
-210062656 -959955250
745893407 719345573
540586734 733245200
-81279362 194516814
-80055781 -706964631
-670708113 -739416923
-769158128 679243012
-515292886 323556326
531132185 -922691801
201983060 405149600
-845436404 -367867848
-225156214 219986454
-410204025 -563431089
-841152787 -458134585
-673287943 597353865
-652926851 -580318387
248458795 -202996029
-358589063 60362385
-561144270 331344754
780222921 917748449
-849628589 -914780329
302082599 637613343
-686397071 -183653041
92615496 183152290
-536894560 600593502
338509624 -434574482
-303103975 -858349641
563393093 578542141
582290567 949519711
-644793078 475446462
-496711252 564565096
324521431 624217883
-146136285 986852103
966249676 -982814310
377752938 989323004
43657017 -641474185
297746894 -948242154
988959469 735894235
972965030 -208916730
-238551189 -728709421
-972699757 -953775827
-773674014 -286898908
80347290 -718686420
902004493 738368021
887277327 -481406029
944315185 -12414655
-256351085 714988147